86466
51255
58921
28141
11871
41609
82142
64296
96539
14862
24343
30074
73762
29135
89933
30807
55216
22193
29217
81593
17142
59921
13429
32038
61947
83105
26441
98198
76967
2866
68302
81402
85145
12470
59174
23417
84192
8085
47276
76384
15487
78384
69329
44381
19689
31198
72778
45100
26661
86538
160
93444
69189
89670
48433
32057
89899
12167
99710
40443
42506
37504
26485
93231
54484
69966
65500
34177
6556
96509
41150
32095
15821
72373
11215
94448
50609
70577
93718
77279
37545
86271
54724
6951
31981
62641
72117
87424
44937
39024
40618
28334
33949
77823
14094
40020
25212
23208
5340
95767
93250
50002
51753
57950
41582
75903
10826
28952
1516
73118
34974
70306
52134
48120
44341
11260
39415
73681
9580
33890
72783
38769
59818
99723
25856
60952
25671
66229
74431
27903
45950
96596
97267
7931
943
38752
32296
89426
78541
46421
92731
94045
53960
76927
66852
38027
43022
7953
30757
28272
1224
77718
43748
31784
21815
71901
37530
38719
51843
53250
42829
43865
83630
82671
21192
194
39461
99629
55473
78571
22705
42197
95610
91814
15601
16566
81154
34189
8129
45084
90857
19041
10454
28871
5971
1171
95163
64678
51595
35775
45811
81735
79771
75604
59712
30413
53854
24982
74839
61203
67388
77819
64151
18416
18335
64288
54051
76588
14708
58028
67645
75978
88089
37944
42210
93896
27761
45985
10920
26016
85242
4983
73547
92002
4602
56302
45640
43278
84654
42783
31495
78546
89715
97317
69881
78578
74198
59459
20553
11209
35817
58216
22703
43277
3778
38890
59878
74312
93237
71042
50922
2271
89491
88211
20888
46987
93276
58270
90030
37709
91471
20185
7370
74332
31624
20898
36758
86999
96425
15651
76086
7076
73697
44272
63408
31680
44050
40084
3706
20495
34845
94362
9500
91125
55433
83022
59660
66150
56522
22431
59895
40615
68650
46412
7705
49732
24193
69698
95974
2144
11814
51909
3242
85337
8477
86695
28157
26657
76357
77659
63622
62915
74753
6865
30095
29861
59328
59456
96499
43435
32094
10898
44392
93074
37832
40136
83233
80075
84324
72887
79753
58206
3149
39575
72599
8456
62288
59440
44440
76082
89467
24112
93022
66027
81178
62633
53707
16640
58299
18210
58450
59143
13894
59001
45473
90264
15858
28211
30751
41912
89106
1013
39026
66747
51345
180
22114
36863
21639
73635
87338
68231
40012
67435
10797
28856
55397
12493
70662
57852
46952
22916
77410
42319
76046
43892
75801
6086
80665
8440
38951
89585
36322
5783
21457
44535
33300
80486
26459
23863
17082
84352
17152
62364
16223
8926
69493
29635
64007
46195
2061
15136
95692
79172
95203
74706
96970
80197
839
46595
30360
93379
33455
16790
66557
83530
64292
47572
58343
38176
87823
28507
51048
14659
314
97375
81375
18168
64776
20186
93947
54054
68157
93914
38920
92906
31945
34463
43795
46038
62481
95465
78937
38561
77706
32439
42677
74306
1342
9986
23635
78700
35329
21262
95640
79021
30794
22677
16488
99888
12982
73555
10413
18856
23885
29169
12391
31889
6291
63822
58990
72659
13436
174
35824
50435
18483
41221
93534
32384
89908
67792
63576
86678
85423
33777
73172
73017
3675
69031
